covar1 =

    0.0000    0.0000
    0.0000    0.1942


covar2 =

    0.0000    0.0000
    0.0000    0.0144


covar3 =

   1.0e-03 *

    0.0047    0.0002
    0.0002    0.8061


covar4 =

    0.0000   -0.0000
   -0.0000    0.2579


covar5 =

    0.0000   -0.0000
   -0.0000    0.0839
